187
0 1
1 2
2 3
3 4
4 5
1 5
1 6
6 7
7 8
5 9
9 10
10 11
11 12
12 13
13 14
14 15
15 16
16 17
17 18
9 18
2 19
19 20
20 21
21 22
14 23
16 24
24 25
6 26
26 27
27 28
26 28
11 29
29 30
30 31
29 31
10 32
32 33
33 34
32 34
0 35
35 36
36 37
37 38
38 39
39 40
40 41
41 42
42 43
43 44
44 45
45 46
46 47
47 48
48 49
49 50
50 51
51 52
52 53
53 54
54 55
55 56
56 57
57 58
58 59
35 59
27 60
60 61
61 62
62 63
13 64
64 65
65 66
66 67
67 68
68 69
69 70
70 71
71 72
72 73
73 74
74 75
75 76
76 77
77 78
78 79
79 80
48 81
81 82
82 83
83 84
84 85
85 86
86 87
87 88
88 89
60 90
90 91
91 92
92 93
93 94
94 95
95 96
96 97
97 98
90 98
22 99
99 100
100 101
101 102
102 103
103 104
104 105
105 106
106 107
107 108
108 109
109 110
110 111
111 112
112 113
113 114
114 115
115 116
116 117
117 118
118 119
119 120
120 121
121 122
122 123
123 124
124 125
125 126
126 127
127 128
128 129
129 130
130 131
99 131
16 132
83 133
20 134
47 135
44 136
72 137
48 138
31 139
139 140
95 141
141 142
77 143
143 144
31 145
145 146
96 147
147 148
17 149
149 150
8 151
151 152
113 153
153 154
110 155
155 156
96 157
157 158
17 159
159 160
139 161
161 162
57 163
163 164
151 165
165 166
120 167
167 168
160 169
169 170
16 171
171 172
172 173
173 174
171 174
113 175
175 176
176 177
177 178
178 179
179 180
180 181
181 182
182 183
183 184
184 185
175 185
106 186
