234
0 1
1 2
2 3
3 4
4 5
1 6
6 7
7 8
8 9
9 10
10 11
11 12
12 13
13 14
14 15
13 16
8 17
2 18
9 19
13 20
17 21
10 22
19 23
5 24
21 25
2 26
10 27
26 28
6 29
3 30
20 31
30 32
32 33
24 34
3 35
35 36
36 37
37 38
38 39
39 40
40 41
41 42
42 43
43 44
44 45
45 46
46 47
47 48
48 49
49 50
50 51
51 52
52 53
53 54
54 55
55 56
56 57
57 58
58 59
59 60
60 61
61 62
62 63
63 64
64 65
65 66
66 67
67 68
68 69
69 70
70 71
71 72
72 73
73 74
74 75
75 76
76 77
77 78
78 79
79 80
80 81
81 82
82 83
83 84
84 85
85 86
86 87
87 88
88 89
89 90
90 91
91 92
92 93
93 94
94 95
95 96
96 97
97 98
98 99
99 100
100 101
101 102
102 103
103 104
104 105
105 106
106 107
107 108
108 109
109 110
110 111
111 112
112 113
113 114
114 115
115 116
116 117
117 118
118 119
119 120
120 121
121 122
122 123
123 124
124 125
125 126
126 127
127 128
128 129
129 130
130 131
131 132
132 133
133 134
27 135
135 136
136 137
137 138
138 139
139 140
140 141
141 142
142 143
143 144
144 145
145 146
146 147
147 148
148 149
20 150
150 151
151 152
147 153
42 154
154 155
155 156
156 157
157 158
158 159
159 160
156 161
161 162
162 163
163 164
164 165
165 166
166 167
167 168
168 169
169 170
170 171
171 172
172 173
173 174
174 175
175 176
146 177
177 178
178 179
22 180
144 181
181 182
142 183
183 184
97 185
185 186
72 187
187 188
72 189
189 190
71 191
191 192
107 193
193 194
101 195
195 196
87 197
197 198
143 199
199 200
200 201
201 202
202 203
140 204
204 205
205 206
206 207
207 208
177 209
209 210
210 211
211 212
212 213
28 214
214 215
215 216
216 217
217 218
178 219
219 220
220 221
221 222
222 223
203 224
224 225
225 226
226 227
227 228
199 229
229 230
230 231
231 232
232 233
