3003
0 1
1 2
2 3
1 3
1 4
4 5
5 6
4 6
5 7
7 8
8 9
7 9
6 10
10 11
11 12
10 12
9 13
13 14
14 15
13 15
12 16
16 17
17 18
16 18
8 19
19 20
20 21
19 21
11 22
22 23
23 24
22 24
15 25
25 26
26 27
25 27
9 28
28 29
29 30
28 30
11 31
31 32
32 33
31 33
9 34
34 35
35 36
34 36
23 37
37 38
38 39
37 39
32 40
40 41
41 42
40 42
5 43
43 44
44 45
43 45
12 46
46 47
47 48
46 48
37 49
49 50
50 51
49 51
39 52
52 53
53 54
52 54
5 55
55 56
56 57
55 57
22 58
58 59
59 60
58 60
5 61
61 62
62 63
61 63
63 64
64 65
65 66
64 66
59 67
67 68
68 69
67 69
65 70
70 71
71 72
70 72
46 73
73 74
74 75
73 75
49 76
76 77
77 78
76 78
76 79
79 80
80 81
79 81
55 82
82 83
83 84
82 84
35 85
85 86
86 87
85 87
41 88
88 89
89 90
88 90
83 91
91 92
92 93
91 93
13 94
94 95
95 96
94 96
50 97
97 98
98 99
97 99
50 100
100 101
101 102
100 102
99 103
103 104
104 105
103 105
50 106
106 107
107 108
106 108
45 109
109 110
110 111
109 111
66 112
112 113
113 114
112 114
92 115
115 116
116 117
115 117
29 118
118 119
119 120
118 120
2 121
121 122
122 123
121 123
42 124
124 125
125 126
124 126
21 127
127 128
128 129
127 129
53 130
130 131
131 132
130 132
104 133
133 134
134 135
133 135
74 136
136 137
137 138
136 138
9 139
139 140
140 141
139 141
12 142
142 143
143 144
142 144
120 145
145 146
146 147
145 147
26 148
148 149
149 150
148 150
7 151
151 152
152 153
151 153
152 154
154 155
155 156
154 156
21 157
157 158
158 159
157 159
42 160
160 161
161 162
160 162
155 163
163 164
164 165
163 165
120 166
166 167
167 168
166 168
52 169
169 170
170 171
169 171
8 172
172 173
173 174
172 174
77 175
175 176
176 177
175 177
175 178
178 179
179 180
178 180
22 181
181 182
182 183
181 183
16 184
184 185
185 186
184 186
154 187
187 188
188 189
187 189
34 190
190 191
191 192
190 192
0 193
193 194
194 195
193 195
60 196
196 197
197 198
196 198
23 199
199 200
200 201
199 201
95 202
202 203
203 204
202 204
50 205
205 206
206 207
205 207
80 208
208 209
209 210
208 210
41 211
211 212
212 213
211 213
195 214
214 215
215 216
214 216
50 217
217 218
218 219
217 219
72 220
220 221
221 222
220 222
142 223
223 224
224 225
223 225
90 226
226 227
227 228
226 228
95 229
229 230
230 231
229 231
220 232
232 233
233 234
232 234
64 235
235 236
236 237
235 237
117 238
238 239
239 240
238 240
234 241
241 242
242 243
241 243
219 244
244 245
245 246
244 246
195 247
247 248
248 249
247 249
229 250
250 251
251 252
250 252
73 253
253 254
254 255
253 255
227 256
256 257
257 258
256 258
53 259
259 260
260 261
259 261
93 262
262 263
263 264
262 264
44 265
265 266
266 267
265 267
263 268
268 269
269 270
268 270
217 271
271 272
272 273
271 273
159 274
274 275
275 276
274 276
224 277
277 278
278 279
277 279
105 280
280 281
281 282
280 282
13 283
283 284
284 285
283 285
56 286
286 287
287 288
286 288
281 289
289 290
290 291
289 291
160 292
292 293
293 294
292 294
17 295
295 296
296 297
295 297
197 298
298 299
299 300
298 300
31 301
301 302
302 303
301 303
51 304
304 305
305 306
304 306
215 307
307 308
308 309
307 309
42 310
310 311
311 312
310 312
171 313
313 314
314 315
313 315
96 316
316 317
317 318
316 318
131 319
319 320
320 321
319 321
127 322
322 323
323 324
322 324
303 325
325 326
326 327
325 327
79 328
328 329
329 330
328 330
247 331
331 332
332 333
331 333
242 334
334 335
335 336
334 336
188 337
337 338
338 339
337 339
112 340
340 341
341 342
340 342
281 343
343 344
344 345
343 345
315 346
346 347
347 348
346 348
26 349
349 350
350 351
349 351
278 352
352 353
353 354
352 354
128 355
355 356
356 357
355 357
282 358
358 359
359 360
358 360
127 361
361 362
362 363
361 363
123 364
364 365
365 366
364 366
56 367
367 368
368 369
367 369
118 370
370 371
371 372
370 372
163 373
373 374
374 375
373 375
207 376
376 377
377 378
376 378
234 379
379 380
380 381
379 381
379 382
382 383
383 384
382 384
224 385
385 386
386 387
385 387
326 388
388 389
389 390
388 390
333 391
391 392
392 393
391 393
5 394
394 395
395 396
394 396
293 397
397 398
398 399
397 399
110 400
400 401
401 402
400 402
301 403
403 404
404 405
403 405
104 406
406 407
407 408
406 408
227 409
409 410
410 411
409 411
324 412
412 413
413 414
412 414
247 415
415 416
416 417
415 417
101 418
418 419
419 420
418 420
293 421
421 422
422 423
421 423
274 424
424 425
425 426
424 426
91 427
427 428
428 429
427 429
38 430
430 431
431 432
430 432
141 433
433 434
434 435
433 435
401 436
436 437
437 438
436 438
85 439
439 440
440 441
439 441
86 442
442 443
443 444
442 444
69 445
445 446
446 447
445 447
205 448
448 449
449 450
448 450
376 451
451 452
452 453
451 453
412 454
454 455
455 456
454 456
198 457
457 458
458 459
457 459
402 460
460 461
461 462
460 462
81 463
463 464
464 465
463 465
289 466
466 467
467 468
466 468
216 469
469 470
470 471
469 471
332 472
472 473
473 474
472 474
307 475
475 476
476 477
475 477
208 478
478 479
479 480
478 480
224 481
481 482
482 483
481 483
267 484
484 485
485 486
484 486
175 487
487 488
488 489
487 489
468 490
490 491
491 492
490 492
137 493
493 494
494 495
493 495
430 496
496 497
497 498
496 498
376 499
499 500
500 501
499 501
430 502
502 503
503 504
502 504
246 505
505 506
506 507
505 507
239 508
508 509
509 510
508 510
215 511
511 512
512 513
511 513
366 514
514 515
515 516
514 516
115 517
517 518
518 519
517 519
396 520
520 521
521 522
520 522
414 523
523 524
524 525
523 525
473 526
526 527
527 528
526 528
217 529
529 530
530 531
529 531
503 532
532 533
533 534
532 534
307 535
535 536
536 537
535 537
91 538
538 539
539 540
538 540
503 541
541 542
542 543
541 543
198 544
544 545
545 546
544 546
373 547
547 548
548 549
547 549
423 550
550 551
551 552
550 552
552 553
553 554
554 555
553 555
532 556
556 557
557 558
556 558
223 559
559 560
560 561
559 561
146 562
562 563
563 564
562 564
357 565
565 566
566 567
565 567
438 568
568 569
569 570
568 570
104 571
571 572
572 573
571 573
571 574
574 575
575 576
574 576
111 577
577 578
578 579
577 579
433 580
580 581
581 582
580 582
506 583
583 584
584 585
583 585
281 586
586 587
587 588
586 588
159 589
589 590
590 591
589 591
469 592
592 593
593 594
592 594
385 595
595 596
596 597
595 597
41 598
598 599
599 600
598 600
366 601
601 602
602 603
601 603
157 604
604 605
605 606
604 606
40 607
607 608
608 609
607 609
231 610
610 611
611 612
610 612
255 613
613 614
614 615
613 615
580 616
616 617
617 618
616 618
352 619
619 620
620 621
619 621
342 622
622 623
623 624
622 624
55 625
625 626
626 627
625 627
586 628
628 629
629 630
628 630
622 631
631 632
632 633
631 633
304 634
634 635
635 636
634 636
313 637
637 638
638 639
637 639
28 640
640 641
641 642
640 642
72 643
643 644
644 645
643 645
78 646
646 647
647 648
646 648
268 649
649 650
650 651
649 651
537 652
652 653
653 654
652 654
326 655
655 656
656 657
655 657
183 658
658 659
659 660
658 660
586 661
661 662
662 663
661 663
496 664
664 665
665 666
664 666
243 667
667 668
668 669
667 669
387 670
670 671
671 672
670 672
117 673
673 674
674 675
673 675
518 676
676 677
677 678
676 678
545 679
679 680
680 681
679 681
534 682
682 683
683 684
682 684
642 685
685 686
686 687
685 687
557 688
688 689
689 690
688 690
399 691
691 692
692 693
691 693
521 694
694 695
695 696
694 696
289 697
697 698
698 699
697 699
75 700
700 701
701 702
700 702
486 703
703 704
704 705
703 705
594 706
706 707
707 708
706 708
220 709
709 710
710 711
709 711
402 712
712 713
713 714
712 714
590 715
715 716
716 717
715 717
202 718
718 719
719 720
718 720
148 721
721 722
722 723
721 723
520 724
724 725
725 726
724 726
492 727
727 728
728 729
727 729
121 730
730 731
731 732
730 732
258 733
733 734
734 735
733 735
172 736
736 737
737 738
736 738
708 739
739 740
740 741
739 741
627 742
742 743
743 744
742 744
655 745
745 746
746 747
745 747
173 748
748 749
749 750
748 750
496 751
751 752
752 753
751 753
50 754
754 755
755 756
754 756
398 757
757 758
758 759
757 759
272 760
760 761
761 762
760 762
509 763
763 764
764 765
763 765
81 766
766 767
767 768
766 768
38 769
769 770
770 771
769 771
439 772
772 773
773 774
772 774
442 775
775 776
776 777
775 777
495 778
778 779
779 780
778 780
88 781
781 782
782 783
781 783
628 784
784 785
785 786
784 786
342 787
787 788
788 789
787 789
151 790
790 791
791 792
790 792
552 793
793 794
794 795
793 795
615 796
796 797
797 798
796 798
314 799
799 800
800 801
799 801
648 802
802 803
803 804
802 804
724 805
805 806
806 807
805 807
497 808
808 809
809 810
808 810
316 811
811 812
812 813
811 813
198 814
814 815
815 816
814 816
461 817
817 818
818 819
817 819
764 820
820 821
821 822
820 822
443 823
823 824
824 825
823 825
397 826
826 827
827 828
826 828
144 829
829 830
830 831
829 831
323 832
832 833
833 834
832 834
807 835
835 836
836 837
835 837
495 838
838 839
839 840
838 840
714 841
841 842
842 843
841 843
666 844
844 845
845 846
844 846
421 847
847 848
848 849
847 849
833 850
850 851
851 852
850 852
761 853
853 854
854 855
853 855
373 856
856 857
857 858
856 858
634 859
859 860
860 861
859 861
699 862
862 863
863 864
862 864
375 865
865 866
866 867
865 867
695 868
868 869
869 870
868 870
356 871
871 872
872 873
871 873
267 874
874 875
875 876
874 876
97 877
877 878
878 879
877 879
812 880
880 881
881 882
880 882
24 883
883 884
884 885
883 885
787 886
886 887
887 888
886 888
93 889
889 890
890 891
889 891
811 892
892 893
893 894
892 894
687 895
895 896
896 897
895 897
360 898
898 899
899 900
898 900
636 901
901 902
902 903
901 903
811 904
904 905
905 906
904 906
459 907
907 908
908 909
907 909
398 910
910 911
911 912
910 912
254 913
913 914
914 915
913 915
443 916
916 917
917 918
916 918
122 919
919 920
920 921
919 921
207 922
922 923
923 924
922 924
917 925
925 926
926 927
925 927
430 928
928 929
929 930
928 930
612 931
931 932
932 933
931 933
532 934
934 935
935 936
934 936
667 937
937 938
938 939
937 939
97 940
940 941
941 942
940 942
543 943
943 944
944 945
943 945
767 946
946 947
947 948
946 948
754 949
949 950
950 951
949 951
303 952
952 953
953 954
952 954
556 955
955 956
956 957
955 957
834 958
958 959
959 960
958 960
281 961
961 962
962 963
961 963
425 964
964 965
965 966
964 966
211 967
967 968
968 969
967 969
670 970
970 971
971 972
970 972
644 973
973 974
974 975
973 975
718 976
976 977
977 978
976 978
516 979
979 980
980 981
979 981
155 982
982 983
983 984
982 984
646 985
985 986
986 987
985 987
419 988
988 989
989 990
988 990
271 991
991 992
992 993
991 993
403 994
994 995
995 996
994 996
106 997
997 998
998 999
997 999
227 1000
1000 1001
1001 1002
1000 1002
89 1003
1003 1004
1004 1005
1003 1005
666 1006
1006 1007
1007 1008
1006 1008
390 1009
1009 1010
1010 1011
1009 1011
773 1012
1012 1013
1013 1014
1012 1014
736 1015
1015 1016
1016 1017
1015 1017
49 1018
1018 1019
1019 1020
1018 1020
528 1021
1021 1022
1022 1023
1021 1023
720 1024
1024 1025
1025 1026
1024 1026
387 1027
1027 1028
1028 1029
1027 1029
749 1030
1030 1031
1031 1032
1030 1032
7 1033
1033 1034
1034 1035
1033 1035
258 1036
1036 1037
1037 1038
1036 1038
0 1039
1039 1040
1040 1041
1039 1041
660 1042
1042 1043
1043 1044
1042 1044
22 1045
1045 1046
1046 1047
1045 1047
76 1048
1048 1049
1049 1050
1048 1050
139 1051
1051 1052
1052 1053
1051 1053
850 1054
1054 1055
1055 1056
1054 1056
822 1057
1057 1058
1058 1059
1057 1059
842 1060
1060 1061
1061 1062
1060 1062
210 1063
1063 1064
1064 1065
1063 1065
887 1066
1066 1067
1067 1068
1066 1068
919 1069
1069 1070
1070 1071
1069 1071
928 1072
1072 1073
1073 1074
1072 1074
1 1075
1075 1076
1076 1077
1075 1077
889 1078
1078 1079
1079 1080
1078 1080
286 1081
1081 1082
1082 1083
1081 1083
807 1084
1084 1085
1085 1086
1084 1086
195 1087
1087 1088
1088 1089
1087 1089
97 1090
1090 1091
1091 1092
1090 1092
100 1093
1093 1094
1094 1095
1093 1095
1013 1096
1096 1097
1097 1098
1096 1098
898 1099
1099 1100
1100 1101
1099 1101
160 1102
1102 1103
1103 1104
1102 1104
1080 1105
1105 1106
1106 1107
1105 1107
1060 1108
1108 1109
1109 1110
1108 1110
72 1111
1111 1112
1112 1113
1111 1113
571 1114
1114 1115
1115 1116
1114 1116
372 1117
1117 1118
1118 1119
1117 1119
140 1120
1120 1121
1121 1122
1120 1122
532 1123
1123 1124
1124 1125
1123 1125
427 1126
1126 1127
1127 1128
1126 1128
836 1129
1129 1130
1130 1131
1129 1131
215 1132
1132 1133
1133 1134
1132 1134
249 1135
1135 1136
1136 1137
1135 1137
864 1138
1138 1139
1139 1140
1138 1140
783 1141
1141 1142
1142 1143
1141 1143
957 1144
1144 1145
1145 1146
1144 1146
272 1147
1147 1148
1148 1149
1147 1149
88 1150
1150 1151
1151 1152
1150 1152
638 1153
1153 1154
1154 1155
1153 1155
1100 1156
1156 1157
1157 1158
1156 1158
531 1159
1159 1160
1160 1161
1159 1161
819 1162
1162 1163
1163 1164
1162 1164
431 1165
1165 1166
1166 1167
1165 1167
955 1168
1168 1169
1169 1170
1168 1170
1066 1171
1171 1172
1172 1173
1171 1173
88 1174
1174 1175
1175 1176
1174 1176
52 1177
1177 1178
1178 1179
1177 1179
31 1180
1180 1181
1181 1182
1180 1182
26 1183
1183 1184
1184 1185
1183 1185
427 1186
1186 1187
1187 1188
1186 1188
811 1189
1189 1190
1190 1191
1189 1191
999 1192
1192 1193
1193 1194
1192 1194
170 1195
1195 1196
1196 1197
1195 1197
405 1198
1198 1199
1199 1200
1198 1200
423 1201
1201 1202
1202 1203
1201 1203
28 1204
1204 1205
1205 1206
1204 1206
845 1207
1207 1208
1208 1209
1207 1209
324 1210
1210 1211
1211 1212
1210 1212
667 1213
1213 1214
1214 1215
1213 1215
776 1216
1216 1217
1217 1218
1216 1218
252 1219
1219 1220
1220 1221
1219 1221
70 1222
1222 1223
1223 1224
1222 1224
836 1225
1225 1226
1226 1227
1225 1227
934 1228
1228 1229
1229 1230
1228 1230
623 1231
1231 1232
1232 1233
1231 1233
425 1234
1234 1235
1235 1236
1234 1236
198 1237
1237 1238
1238 1239
1237 1239
220 1240
1240 1241
1241 1242
1240 1242
246 1243
1243 1244
1244 1245
1243 1245
391 1246
1246 1247
1247 1248
1246 1248
1018 1249
1249 1250
1250 1251
1249 1251
773 1252
1252 1253
1253 1254
1252 1254
989 1255
1255 1256
1256 1257
1255 1257
1108 1258
1258 1259
1259 1260
1258 1260
1240 1261
1261 1262
1262 1263
1261 1263
860 1264
1264 1265
1265 1266
1264 1266
610 1267
1267 1268
1268 1269
1267 1269
251 1270
1270 1271
1271 1272
1270 1272
1107 1273
1273 1274
1274 1275
1273 1275
830 1276
1276 1277
1277 1278
1276 1278
338 1279
1279 1280
1280 1281
1279 1281
250 1282
1282 1283
1283 1284
1282 1284
174 1285
1285 1286
1286 1287
1285 1287
468 1288
1288 1289
1289 1290
1288 1290
1277 1291
1291 1292
1292 1293
1291 1293
264 1294
1294 1295
1295 1296
1294 1296
306 1297
1297 1298
1298 1299
1297 1299
761 1300
1300 1301
1301 1302
1300 1302
240 1303
1303 1304
1304 1305
1303 1305
683 1306
1306 1307
1307 1308
1306 1308
1178 1309
1309 1310
1310 1311
1309 1311
948 1312
1312 1313
1313 1314
1312 1314
1226 1315
1315 1316
1316 1317
1315 1317
929 1318
1318 1319
1319 1320
1318 1320
599 1321
1321 1322
1322 1323
1321 1323
1223 1324
1324 1325
1325 1326
1324 1326
543 1327
1327 1328
1328 1329
1327 1329
639 1330
1330 1331
1331 1332
1330 1332
909 1333
1333 1334
1334 1335
1333 1335
125 1336
1336 1337
1337 1338
1336 1338
864 1339
1339 1340
1340 1341
1339 1341
845 1342
1342 1343
1343 1344
1342 1344
364 1345
1345 1346
1346 1347
1345 1347
358 1348
1348 1349
1349 1350
1348 1350
258 1351
1351 1352
1352 1353
1351 1353
1084 1354
1354 1355
1355 1356
1354 1356
396 1357
1357 1358
1358 1359
1357 1359
137 1360
1360 1361
1361 1362
1360 1362
866 1363
1363 1364
1364 1365
1363 1365
1244 1366
1366 1367
1367 1368
1366 1368
531 1369
1369 1370
1370 1371
1369 1371
403 1372
1372 1373
1373 1374
1372 1374
1023 1375
1375 1376
1376 1377
1375 1377
689 1378
1378 1379
1379 1380
1378 1380
1300 1381
1381 1382
1382 1383
1381 1383
613 1384
1384 1385
1385 1386
1384 1386
48 1387
1387 1388
1388 1389
1387 1389
872 1390
1390 1391
1391 1392
1390 1392
183 1393
1393 1394
1394 1395
1393 1395
917 1396
1396 1397
1397 1398
1396 1398
1307 1399
1399 1400
1400 1401
1399 1401
469 1402
1402 1403
1403 1404
1402 1404
325 1405
1405 1406
1406 1407
1405 1407
1354 1408
1408 1409
1409 1410
1408 1410
488 1411
1411 1412
1412 1413
1411 1413
545 1414
1414 1415
1415 1416
1414 1416
499 1417
1417 1418
1418 1419
1417 1419
999 1420
1420 1421
1421 1422
1420 1422
573 1423
1423 1424
1424 1425
1423 1425
1338 1426
1426 1427
1427 1428
1426 1428
772 1429
1429 1430
1430 1431
1429 1431
1082 1432
1432 1433
1433 1434
1432 1434
704 1435
1435 1436
1436 1437
1435 1437
650 1438
1438 1439
1439 1440
1438 1440
189 1441
1441 1442
1442 1443
1441 1443
980 1444
1444 1445
1445 1446
1444 1446
1022 1447
1447 1448
1448 1449
1447 1449
120 1450
1450 1451
1451 1452
1450 1452
1209 1453
1453 1454
1454 1455
1453 1455
1126 1456
1456 1457
1457 1458
1456 1458
1386 1459
1459 1460
1460 1461
1459 1461
64 1462
1462 1463
1463 1464
1462 1464
149 1465
1465 1466
1466 1467
1465 1467
896 1468
1468 1469
1469 1470
1468 1470
970 1471
1471 1472
1472 1473
1471 1473
1473 1474
1474 1475
1475 1476
1474 1476
1325 1477
1477 1478
1478 1479
1477 1479
1181 1480
1480 1481
1481 1482
1480 1482
1262 1483
1483 1484
1484 1485
1483 1485
531 1486
1486 1487
1487 1488
1486 1488
1227 1489
1489 1490
1490 1491
1489 1491
169 1492
1492 1493
1493 1494
1492 1494
730 1495
1495 1496
1496 1497
1495 1497
1473 1498
1498 1499
1499 1500
1498 1500
1341 1501
1501 1502
1502 1503
1501 1503
680 1504
1504 1505
1505 1506
1504 1506
686 1507
1507 1508
1508 1509
1507 1509
246 1510
1510 1511
1511 1512
1510 1512
179 1513
1513 1514
1514 1515
1513 1515
916 1516
1516 1517
1517 1518
1516 1518
1288 1519
1519 1520
1520 1521
1519 1521
1285 1522
1522 1523
1523 1524
1522 1524
1288 1525
1525 1526
1526 1527
1525 1527
1458 1528
1528 1529
1529 1530
1528 1530
408 1531
1531 1532
1532 1533
1531 1533
584 1534
1534 1535
1535 1536
1534 1536
290 1537
1537 1538
1538 1539
1537 1539
684 1540
1540 1541
1541 1542
1540 1542
964 1543
1543 1544
1544 1545
1543 1545
66 1546
1546 1547
1547 1548
1546 1548
1348 1549
1549 1550
1550 1551
1549 1551
541 1552
1552 1553
1553 1554
1552 1554
864 1555
1555 1556
1556 1557
1555 1557
1118 1558
1558 1559
1559 1560
1558 1560
600 1561
1561 1562
1562 1563
1561 1563
1195 1564
1564 1565
1565 1566
1564 1566
1108 1567
1567 1568
1568 1569
1567 1569
399 1570
1570 1571
1571 1572
1570 1572
1162 1573
1573 1574
1574 1575
1573 1575
701 1576
1576 1577
1577 1578
1576 1578
901 1579
1579 1580
1580 1581
1579 1581
1041 1582
1582 1583
1583 1584
1582 1584
885 1585
1585 1586
1586 1587
1585 1587
466 1588
1588 1589
1589 1590
1588 1590
794 1591
1591 1592
1592 1593
1591 1593
738 1594
1594 1595
1595 1596
1594 1596
182 1597
1597 1598
1598 1599
1597 1599
1555 1600
1600 1601
1601 1602
1600 1602
720 1603
1603 1604
1604 1605
1603 1605
1373 1606
1606 1607
1607 1608
1606 1608
187 1609
1609 1610
1610 1611
1609 1611
401 1612
1612 1613
1613 1614
1612 1614
1244 1615
1615 1616
1616 1617
1615 1617
977 1618
1618 1619
1619 1620
1618 1620
1030 1621
1621 1622
1622 1623
1621 1623
1478 1624
1624 1625
1625 1626
1624 1626
249 1627
1627 1628
1628 1629
1627 1629
592 1630
1630 1631
1631 1632
1630 1632
31 1633
1633 1634
1634 1635
1633 1635
808 1636
1636 1637
1637 1638
1636 1638
1079 1639
1639 1640
1640 1641
1639 1641
570 1642
1642 1643
1643 1644
1642 1644
406 1645
1645 1646
1646 1647
1645 1647
1297 1648
1648 1649
1649 1650
1648 1650
1384 1651
1651 1652
1652 1653
1651 1653
122 1654
1654 1655
1655 1656
1654 1656
1482 1657
1657 1658
1658 1659
1657 1659
975 1660
1660 1661
1661 1662
1660 1662
696 1663
1663 1664
1664 1665
1663 1665
1373 1666
1666 1667
1667 1668
1666 1668
1034 1669
1669 1670
1670 1671
1669 1671
795 1672
1672 1673
1673 1674
1672 1674
355 1675
1675 1676
1676 1677
1675 1677
513 1678
1678 1679
1679 1680
1678 1680
1176 1681
1681 1682
1682 1683
1681 1683
603 1684
1684 1685
1685 1686
1684 1686
366 1687
1687 1688
1688 1689
1687 1689
257 1690
1690 1691
1691 1692
1690 1692
156 1693
1693 1694
1694 1695
1693 1695
22 1696
1696 1697
1697 1698
1696 1698
1644 1699
1699 1700
1700 1701
1699 1701
808 1702
1702 1703
1703 1704
1702 1704
1646 1705
1705 1706
1706 1707
1705 1707
1291 1708
1708 1709
1709 1710
1708 1710
1289 1711
1711 1712
1712 1713
1711 1713
1017 1714
1714 1715
1715 1716
1714 1716
1076 1717
1717 1718
1718 1719
1717 1719
980 1720
1720 1721
1721 1722
1720 1722
453 1723
1723 1724
1724 1725
1723 1725
188 1726
1726 1727
1727 1728
1726 1728
1486 1729
1729 1730
1730 1731
1729 1731
1581 1732
1732 1733
1733 1734
1732 1734
1650 1735
1735 1736
1736 1737
1735 1737
736 1738
1738 1739
1739 1740
1738 1740
209 1741
1741 1742
1742 1743
1741 1743
175 1744
1744 1745
1745 1746
1744 1746
505 1747
1747 1748
1748 1749
1747 1749
1153 1750
1750 1751
1751 1752
1750 1752
858 1753
1753 1754
1754 1755
1753 1755
95 1756
1756 1757
1757 1758
1756 1758
78 1759
1759 1760
1760 1761
1759 1761
122 1762
1762 1763
1763 1764
1762 1764
1551 1765
1765 1766
1766 1767
1765 1767
565 1768
1768 1769
1769 1770
1768 1770
1714 1771
1771 1772
1772 1773
1771 1773
517 1774
1774 1775
1775 1776
1774 1776
157 1777
1777 1778
1778 1779
1777 1779
668 1780
1780 1781
1781 1782
1780 1782
1449 1783
1783 1784
1784 1785
1783 1785
129 1786
1786 1787
1787 1788
1786 1788
991 1789
1789 1790
1790 1791
1789 1791
1787 1792
1792 1793
1793 1794
1792 1794
1276 1795
1795 1796
1796 1797
1795 1797
1531 1798
1798 1799
1799 1800
1798 1800
1254 1801
1801 1802
1802 1803
1801 1803
1448 1804
1804 1805
1805 1806
1804 1806
65 1807
1807 1808
1808 1809
1807 1809
1371 1810
1810 1811
1811 1812
1810 1812
121 1813
1813 1814
1814 1815
1813 1815
1353 1816
1816 1817
1817 1818
1816 1818
749 1819
1819 1820
1820 1821
1819 1821
538 1822
1822 1823
1823 1824
1822 1824
1445 1825
1825 1826
1826 1827
1825 1827
680 1828
1828 1829
1829 1830
1828 1830
1404 1831
1831 1832
1832 1833
1831 1833
1582 1834
1834 1835
1835 1836
1834 1836
1212 1837
1837 1838
1838 1839
1837 1839
961 1840
1840 1841
1841 1842
1840 1842
1331 1843
1843 1844
1844 1845
1843 1845
1378 1846
1846 1847
1847 1848
1846 1848
516 1849
1849 1850
1850 1851
1849 1851
376 1852
1852 1853
1853 1854
1852 1854
304 1855
1855 1856
1856 1857
1855 1857
328 1858
1858 1859
1859 1860
1858 1860
1800 1861
1861 1862
1862 1863
1861 1863
837 1864
1864 1865
1865 1866
1864 1866
1250 1867
1867 1868
1868 1869
1867 1869
1840 1870
1870 1871
1871 1872
1870 1872
325 1873
1873 1874
1874 1875
1873 1875
1262 1876
1876 1877
1877 1878
1876 1878
984 1879
1879 1880
1880 1881
1879 1881
720 1882
1882 1883
1883 1884
1882 1884
1635 1885
1885 1886
1886 1887
1885 1887
396 1888
1888 1889
1889 1890
1888 1890
926 1891
1891 1892
1892 1893
1891 1893
1125 1894
1894 1895
1895 1896
1894 1896
1575 1897
1897 1898
1898 1899
1897 1899
384 1900
1900 1901
1901 1902
1900 1902
841 1903
1903 1904
1904 1905
1903 1905
254 1906
1906 1907
1907 1908
1906 1908
1601 1909
1909 1910
1910 1911
1909 1911
1312 1912
1912 1913
1913 1914
1912 1914
1450 1915
1915 1916
1916 1917
1915 1917
86 1918
1918 1919
1919 1920
1918 1920
1906 1921
1921 1922
1922 1923
1921 1923
1291 1924
1924 1925
1925 1926
1924 1926
1115 1927
1927 1928
1928 1929
1927 1929
1870 1930
1930 1931
1931 1932
1930 1932
1546 1933
1933 1934
1934 1935
1933 1935
1126 1936
1936 1937
1937 1938
1936 1938
135 1939
1939 1940
1940 1941
1939 1941
452 1942
1942 1943
1943 1944
1942 1944
1047 1945
1945 1946
1946 1947
1945 1947
1182 1948
1948 1949
1949 1950
1948 1950
438 1951
1951 1952
1952 1953
1951 1953
1231 1954
1954 1955
1955 1956
1954 1956
1546 1957
1957 1958
1958 1959
1957 1959
1368 1960
1960 1961
1961 1962
1960 1962
1242 1963
1963 1964
1964 1965
1963 1965
1442 1966
1966 1967
1967 1968
1966 1968
1784 1969
1969 1970
1970 1971
1969 1971
268 1972
1972 1973
1973 1974
1972 1974
1528 1975
1975 1976
1976 1977
1975 1977
843 1978
1978 1979
1979 1980
1978 1980
925 1981
1981 1982
1982 1983
1981 1983
78 1984
1984 1985
1985 1986
1984 1986
1598 1987
1987 1988
1988 1989
1987 1989
1505 1990
1990 1991
1991 1992
1990 1992
1860 1993
1993 1994
1994 1995
1993 1995
113 1996
1996 1997
1997 1998
1996 1998
153 1999
1999 2000
2000 2001
1999 2001
1198 2002
2002 2003
2003 2004
2002 2004
685 2005
2005 2006
2006 2007
2005 2007
212 2008
2008 2009
2009 2010
2008 2010
456 2011
2011 2012
2012 2013
2011 2013
452 2014
2014 2015
2015 2016
2014 2016
321 2017
2017 2018
2018 2019
2017 2019
103 2020
2020 2021
2021 2022
2020 2022
725 2023
2023 2024
2024 2025
2023 2025
859 2026
2026 2027
2027 2028
2026 2028
1834 2029
2029 2030
2030 2031
2029 2031
1696 2032
2032 2033
2033 2034
2032 2034
1193 2035
2035 2036
2036 2037
2035 2037
448 2038
2038 2039
2039 2040
2038 2040
426 2041
2041 2042
2042 2043
2041 2043
1583 2044
2044 2045
2045 2046
2044 2046
596 2047
2047 2048
2048 2049
2047 2049
583 2050
2050 2051
2051 2052
2050 2052
1706 2053
2053 2054
2054 2055
2053 2055
642 2056
2056 2057
2057 2058
2056 2058
224 2059
2059 2060
2060 2061
2059 2061
1778 2062
2062 2063
2063 2064
2062 2064
1212 2065
2065 2066
2066 2067
2065 2067
1228 2068
2068 2069
2069 2070
2068 2070
1599 2071
2071 2072
2072 2073
2071 2073
1886 2074
2074 2075
2075 2076
2074 2076
411 2077
2077 2078
2078 2079
2077 2079
666 2080
2080 2081
2081 2082
2080 2082
608 2083
2083 2084
2084 2085
2083 2085
947 2086
2086 2087
2087 2088
2086 2088
712 2089
2089 2090
2090 2091
2089 2091
1144 2092
2092 2093
2093 2094
2092 2094
1506 2095
2095 2096
2096 2097
2095 2097
216 2098
2098 2099
2099 2100
2098 2100
641 2101
2101 2102
2102 2103
2101 2103
1372 2104
2104 2105
2105 2106
2104 2106
1376 2107
2107 2108
2108 2109
2107 2109
2047 2110
2110 2111
2111 2112
2110 2112
974 2113
2113 2114
2114 2115
2113 2115
1646 2116
2116 2117
2117 2118
2116 2118
1309 2119
2119 2120
2120 2121
2119 2121
190 2122
2122 2123
2123 2124
2122 2124
1999 2125
2125 2126
2126 2127
2125 2127
307 2128
2128 2129
2129 2130
2128 2130
1794 2131
2131 2132
2132 2133
2131 2133
371 2134
2134 2135
2135 2136
2134 2136
1945 2137
2137 2138
2138 2139
2137 2139
1896 2140
2140 2141
2141 2142
2140 2142
1138 2143
2143 2144
2144 2145
2143 2145
908 2146
2146 2147
2147 2148
2146 2148
1708 2149
2149 2150
2150 2151
2149 2151
1657 2152
2152 2153
2153 2154
2152 2154
1548 2155
2155 2156
2156 2157
2155 2157
2051 2158
2158 2159
2159 2160
2158 2160
537 2161
2161 2162
2162 2163
2161 2163
2154 2164
2164 2165
2165 2166
2164 2166
146 2167
2167 2168
2168 2169
2167 2169
1074 2170
2170 2171
2171 2172
2170 2172
1572 2173
2173 2174
2174 2175
2173 2175
1875 2176
2176 2177
2177 2178
2176 2178
1343 2179
2179 2180
2180 2181
2179 2181
640 2182
2182 2183
2183 2184
2182 2184
1101 2185
2185 2186
2186 2187
2185 2187
39 2188
2188 2189
2189 2190
2188 2190
1244 2191
2191 2192
2192 2193
2191 2193
361 2194
2194 2195
2195 2196
2194 2196
1619 2197
2197 2198
2198 2199
2197 2199
992 2200
2200 2201
2201 2202
2200 2202
1388 2203
2203 2204
2204 2205
2203 2205
2106 2206
2206 2207
2207 2208
2206 2208
1877 2209
2209 2210
2210 2211
2209 2211
443 2212
2212 2213
2213 2214
2212 2214
1275 2215
2215 2216
2216 2217
2215 2217
1110 2218
2218 2219
2219 2220
2218 2220
2088 2221
2221 2222
2222 2223
2221 2223
609 2224
2224 2225
2225 2226
2224 2226
581 2227
2227 2228
2228 2229
2227 2229
1903 2230
2230 2231
2231 2232
2230 2232
1007 2233
2233 2234
2234 2235
2233 2235
259 2236
2236 2237
2237 2238
2236 2238
1938 2239
2239 2240
2240 2241
2239 2241
1479 2242
2242 2243
2243 2244
2242 2244
188 2245
2245 2246
2246 2247
2245 2247
2053 2248
2248 2249
2249 2250
2248 2250
1990 2251
2251 2252
2252 2253
2251 2253
2047 2254
2254 2255
2255 2256
2254 2256
617 2257
2257 2258
2258 2259
2257 2259
628 2260
2260 2261
2261 2262
2260 2262
1389 2263
2263 2264
2264 2265
2263 2265
964 2266
2266 2267
2267 2268
2266 2268
853 2269
2269 2270
2270 2271
2269 2271
1941 2272
2272 2273
2273 2274
2272 2274
478 2275
2275 2276
2276 2277
2275 2277
1085 2278
2278 2279
2279 2280
2278 2280
735 2281
2281 2282
2282 2283
2281 2283
937 2284
2284 2285
2285 2286
2284 2286
1351 2287
2287 2288
2288 2289
2287 2289
1228 2290
2290 2291
2291 2292
2290 2292
1667 2293
2293 2294
2294 2295
2293 2295
1682 2296
2296 2297
2297 2298
2296 2298
680 2299
2299 2300
2300 2301
2299 2301
1675 2302
2302 2303
2303 2304
2302 2304
2039 2305
2305 2306
2306 2307
2305 2307
2 2308
2308 2309
2309 2310
2308 2310
2259 2311
2311 2312
2312 2313
2311 2313
2045 2314
2314 2315
2315 2316
2314 2316
1286 2317
2317 2318
2318 2319
2317 2319
1883 2320
2320 2321
2321 2322
2320 2322
397 2323
2323 2324
2324 2325
2323 2325
1242 2326
2326 2327
2327 2328
2326 2328
1917 2329
2329 2330
2330 2331
2329 2331
734 2332
2332 2333
2333 2334
2332 2334
1892 2335
2335 2336
2336 2337
2335 2337
2269 2338
2338 2339
2339 2340
2338 2340
1498 2341
2341 2342
2342 2343
2341 2343
25 2344
2344 2345
2345 2346
2344 2346
1395 2347
2347 2348
2348 2349
2347 2349
2029 2350
2350 2351
2351 2352
2350 2352
2153 2353
2353 2354
2354 2355
2353 2355
1306 2356
2356 2357
2357 2358
2356 2358
1307 2359
2359 2360
2360 2361
2359 2361
422 2362
2362 2363
2363 2364
2362 2364
1639 2365
2365 2366
2366 2367
2365 2367
750 2368
2368 2369
2369 2370
2368 2370
147 2371
2371 2372
2372 2373
2371 2373
146 2374
2374 2375
2375 2376
2374 2376
1479 2377
2377 2378
2378 2379
2377 2379
1863 2380
2380 2381
2381 2382
2380 2382
1416 2383
2383 2384
2384 2385
2383 2385
296 2386
2386 2387
2387 2388
2386 2388
288 2389
2389 2390
2390 2391
2389 2391
499 2392
2392 2393
2393 2394
2392 2394
1427 2395
2395 2396
2396 2397
2395 2397
742 2398
2398 2399
2399 2400
2398 2400
1266 2401
2401 2402
2402 2403
2401 2403
1979 2404
2404 2405
2405 2406
2404 2406
112 2407
2407 2408
2408 2409
2407 2409
31 2410
2410 2411
2411 2412
2410 2412
231 2413
2413 2414
2414 2415
2413 2415
700 2416
2416 2417
2417 2418
2416 2418
254 2419
2419 2420
2420 2421
2419 2421
267 2422
2422 2423
2423 2424
2422 2424
2318 2425
2425 2426
2426 2427
2425 2427
532 2428
2428 2429
2429 2430
2428 2430
625 2431
2431 2432
2432 2433
2431 2433
2215 2434
2434 2435
2435 2436
2434 2436
2080 2437
2437 2438
2438 2439
2437 2439
1232 2440
2440 2441
2441 2442
2440 2442
38 2443
2443 2444
2444 2445
2443 2445
896 2446
2446 2447
2447 2448
2446 2448
1558 2449
2449 2450
2450 2451
2449 2451
519 2452
2452 2453
2453 2454
2452 2454
209 2455
2455 2456
2456 2457
2455 2457
286 2458
2458 2459
2459 2460
2458 2460
1619 2461
2461 2462
2462 2463
2461 2463
1514 2464
2464 2465
2465 2466
2464 2466
2269 2467
2467 2468
2468 2469
2467 2469
470 2470
2470 2471
2471 2472
2470 2472
403 2473
2473 2474
2474 2475
2473 2475
463 2476
2476 2477
2477 2478
2476 2478
2217 2479
2479 2480
2480 2481
2479 2481
1152 2482
2482 2483
2483 2484
2482 2484
2220 2485
2485 2486
2486 2487
2485 2487
2020 2488
2488 2489
2489 2490
2488 2490
745 2491
2491 2492
2492 2493
2491 2493
2058 2494
2494 2495
2495 2496
2494 2496
1650 2497
2497 2498
2498 2499
2497 2499
1100 2500
2500 2501
2501 2502
2500 2502
2060 2503
2503 2504
2504 2505
2503 2505
2250 2506
2506 2507
2507 2508
2506 2508
86 2509
2509 2510
2510 2511
2509 2511
803 2512
2512 2513
2513 2514
2512 2514
655 2515
2515 2516
2516 2517
2515 2517
515 2518
2518 2519
2519 2520
2518 2520
1179 2521
2521 2522
2522 2523
2521 2523
1440 2524
2524 2525
2525 2526
2524 2526
1114 2527
2527 2528
2528 2529
2527 2529
651 2530
2530 2531
2531 2532
2530 2532
1934 2533
2533 2534
2534 2535
2533 2535
292 2536
2536 2537
2537 2538
2536 2538
455 2539
2539 2540
2540 2541
2539 2541
988 2542
2542 2543
2543 2544
2542 2544
2278 2545
2545 2546
2546 2547
2545 2547
1992 2548
2548 2549
2549 2550
2548 2550
535 2551
2551 2552
2552 2553
2551 2553
2419 2554
2554 2555
2555 2556
2554 2556
1341 2557
2557 2558
2558 2559
2557 2559
2138 2560
2560 2561
2561 2562
2560 2562
1602 2563
2563 2564
2564 2565
2563 2565
2502 2566
2566 2567
2567 2568
2566 2568
1808 2569
2569 2570
2570 2571
2569 2571
1549 2572
2572 2573
2573 2574
2572 2574
2248 2575
2575 2576
2576 2577
2575 2577
2528 2578
2578 2579
2579 2580
2578 2580
1613 2581
2581 2582
2582 2583
2581 2583
910 2584
2584 2585
2585 2586
2584 2586
1631 2587
2587 2588
2588 2589
2587 2589
976 2590
2590 2591
2591 2592
2590 2592
2345 2593
2593 2594
2594 2595
2593 2595
205 2596
2596 2597
2597 2598
2596 2598
2365 2599
2599 2600
2600 2601
2599 2601
1835 2602
2602 2603
2603 2604
2602 2604
2306 2605
2605 2606
2606 2607
2605 2607
1599 2608
2608 2609
2609 2610
2608 2610
2273 2611
2611 2612
2612 2613
2611 2613
265 2614
2614 2615
2615 2616
2614 2616
1206 2617
2617 2618
2618 2619
2617 2619
8 2620
2620 2621
2621 2622
2620 2622
2538 2623
2623 2624
2624 2625
2623 2625
2212 2626
2626 2627
2627 2628
2626 2628
2289 2629
2629 2630
2630 2631
2629 2631
1146 2632
2632 2633
2633 2634
2632 2634
798 2635
2635 2636
2636 2637
2635 2637
2563 2638
2638 2639
2639 2640
2638 2640
551 2641
2641 2642
2642 2643
2641 2643
2278 2644
2644 2645
2645 2646
2644 2646
1964 2647
2647 2648
2648 2649
2647 2649
1698 2650
2650 2651
2651 2652
2650 2652
2502 2653
2653 2654
2654 2655
2653 2655
2018 2656
2656 2657
2657 2658
2656 2658
1198 2659
2659 2660
2660 2661
2659 2661
1192 2662
2662 2663
2663 2664
2662 2664
235 2665
2665 2666
2666 2667
2665 2667
929 2668
2668 2669
2669 2670
2668 2670
144 2671
2671 2672
2672 2673
2671 2673
1710 2674
2674 2675
2675 2676
2674 2676
76 2677
2677 2678
2678 2679
2677 2679
2449 2680
2680 2681
2681 2682
2680 2682
1905 2683
2683 2684
2684 2685
2683 2685
1190 2686
2686 2687
2687 2688
2686 2688
2465 2689
2689 2690
2690 2691
2689 2691
1803 2692
2692 2693
2693 2694
2692 2694
2012 2695
2695 2696
2696 2697
2695 2697
2579 2698
2698 2699
2699 2700
2698 2700
205 2701
2701 2702
2702 2703
2701 2703
1389 2704
2704 2705
2705 2706
2704 2706
876 2707
2707 2708
2708 2709
2707 2709
1324 2710
2710 2711
2711 2712
2710 2712
1359 2713
2713 2714
2714 2715
2713 2715
1047 2716
2716 2717
2717 2718
2716 2718
597 2719
2719 2720
2720 2721
2719 2721
717 2722
2722 2723
2723 2724
2722 2724
1104 2725
2725 2726
2726 2727
2725 2727
793 2728
2728 2729
2729 2730
2728 2730
356 2731
2731 2732
2732 2733
2731 2733
1238 2734
2734 2735
2735 2736
2734 2736
2232 2737
2737 2738
2738 2739
2737 2739
2730 2740
2740 2741
2741 2742
2740 2742
2607 2743
2743 2744
2744 2745
2743 2745
1586 2746
2746 2747
2747 2748
2746 2748
1660 2749
2749 2750
2750 2751
2749 2751
2166 2752
2752 2753
2753 2754
2752 2754
1126 2755
2755 2756
2756 2757
2755 2757
2704 2758
2758 2759
2759 2760
2758 2760
2262 2761
2761 2762
2762 2763
2761 2763
2621 2764
2764 2765
2765 2766
2764 2766
1977 2767
2767 2768
2768 2769
2767 2769
1042 2770
2770 2771
2771 2772
2770 2772
2529 2773
2773 2774
2774 2775
2773 2775
319 2776
2776 2777
2777 2778
2776 2778
2255 2779
2779 2780
2780 2781
2779 2781
703 2782
2782 2783
2783 2784
2782 2784
917 2785
2785 2786
2786 2787
2785 2787
273 2788
2788 2789
2789 2790
2788 2790
1274 2791
2791 2792
2792 2793
2791 2793
2309 2794
2794 2795
2795 2796
2794 2796
1547 2797
2797 2798
2798 2799
2797 2799
2173 2800
2800 2801
2801 2802
2800 2802
607 2803
2803 2804
2804 2805
2803 2805
953 2806
2806 2807
2807 2808
2806 2808
904 2809
2809 2810
2810 2811
2809 2811
326 2812
2812 2813
2813 2814
2812 2814
421 2815
2815 2816
2816 2817
2815 2817
2174 2818
2818 2819
2819 2820
2818 2820
1669 2821
2821 2822
2822 2823
2821 2823
467 2824
2824 2825
2825 2826
2824 2826
2300 2827
2827 2828
2828 2829
2827 2829
415 2830
2830 2831
2831 2832
2830 2832
52 2833
2833 2834
2834 2835
2833 2835
2023 2836
2836 2837
2837 2838
2836 2838
286 2839
2839 2840
2840 2841
2839 2841
1920 2842
2842 2843
2843 2844
2842 2844
119 2845
2845 2846
2846 2847
2845 2847
1413 2848
2848 2849
2849 2850
2848 2850
916 2851
2851 2852
2852 2853
2851 2853
1871 2854
2854 2855
2855 2856
2854 2856
985 2857
2857 2858
2858 2859
2857 2859
1128 2860
2860 2861
2861 2862
2860 2862
1219 2863
2863 2864
2864 2865
2863 2865
1229 2866
2866 2867
2867 2868
2866 2868
614 2869
2869 2870
2870 2871
2869 2871
2362 2872
2872 2873
2873 2874
2872 2874
1518 2875
2875 2876
2876 2877
2875 2877
2069 2878
2878 2879
2879 2880
2878 2880
537 2881
2881 2882
2882 2883
2881 2883
1051 2884
2884 2885
2885 2886
2884 2886
793 2887
2887 2888
2888 2889
2887 2889
1361 2890
2890 2891
2891 2892
2890 2892
2263 2893
2893 2894
2894 2895
2893 2895
2116 2896
2896 2897
2897 2898
2896 2898
163 2899
2899 2900
2900 2901
2899 2901
466 2902
2902 2903
2903 2904
2902 2904
1624 2905
2905 2906
2906 2907
2905 2907
754 2908
2908 2909
2909 2910
2908 2910
472 2911
2911 2912
2912 2913
2911 2913
1442 2914
2914 2915
2915 2916
2914 2916
2546 2917
2917 2918
2918 2919
2917 2919
1547 2920
2920 2921
2921 2922
2920 2922
828 2923
2923 2924
2924 2925
2923 2925
605 2926
2926 2927
2927 2928
2926 2928
384 2929
2929 2930
2930 2931
2929 2931
742 2932
2932 2933
2933 2934
2932 2934
162 2935
2935 2936
2936 2937
2935 2937
2919 2938
2938 2939
2939 2940
2938 2940
2857 2941
2941 2942
2942 2943
2941 2943
2468 2944
2944 2945
2945 2946
2944 2946
1430 2947
2947 2948
2948 2949
2947 2949
1959 2950
2950 2951
2951 2952
2950 2952
648 2953
2953 2954
2954 2955
2953 2955
2702 2956
2956 2957
2957 2958
2956 2958
1996 2959
2959 2960
2960 2961
2959 2961
875 2962
2962 2963
2963 2964
2962 2964
2075 2965
2965 2966
2966 2967
2965 2967
1480 2968
2968 2969
2969 2970
2968 2970
946 2971
2971 2972
2972 2973
2971 2973
2677 2974
2974 2975
2975 2976
2974 2976
1121 2977
2977 2978
2978 2979
2977 2979
2556 2980
2980 2981
2981 2982
2980 2982
1471 2983
2983 2984
2984 2985
2983 2985
2283 2986
2986 2987
2987 2988
2986 2988
1034 2989
2989 2990
2990 2991
2989 2991
259 2992
2992 2993
2993 2994
2992 2994
192 2995
2995 2996
2996 2997
2995 2997
2455 2998
2998 2999
2999 3000
2998 3000
3001 0
3002 0
3001 3002